226
7, 1, 1100
226, 1, 238
0
226, 7, 85
226, 67, 12
225, 36, 86
225, 3096, -3096
0
224, 0, 8
225, 4, 0
224, 4, 0
225, 67, 31
225, 98, -98
0
224, 4, 8
225, 5, 0
224, 32, 5
226, 86, 19
226, 5, 27
226, 18, 37
225, 38, 37
225, 1406, -1406
0
224, 8, 37
225, 2, 0
224, 2, 296
226, 13, 47
225, 13, 85
225, 98, -98
0
224, 8, 298
225, 0, 2
224, 2, 2384
226, 38, 88
225, 91, 36
225, -3276, 3276
0
224, 2386, 8
225, 3, 0
224, 3, 19088
225, 59, 76
225, 135, -135
0
224, 8, 19091
225, 0, 6
224, 152728, 6
225, 90, 22
225, 112, -112
0
224, 8, 152734
225, 0, 7
224, 7, 1221872
226, 22, 28
225, 5, 47
225, 235, -235
0
224, 1221879, 8
225, 5, 0
224, 9775032, 5
9775037
226
7, 5, 1100
1, 239
0, 100000
227, 248
0, 100000
3, 257
227, 100000
0, 266
3, 100000
0, 275
1, 281
226, 5, 5
1, 294, 0
1, 295
0, 301
226, 10, 10
1, 314, 0
0, 315
224, 2, 0
1, 330
224, 0, 1
224, 1, 2
0, 345
224, 1, 2
224, 2, 3
1, 360
224, 1, 6
224, 2, 7
1, 375
224, 14, 2
1, 390
224, 28, 1
224, 2, 29
0, 405
224, 1, 58
224, 2, 59
0, 420
224, 2, 118
0, 435
224, 236, 1
224, 237, 2
1, 450
224, 1, 474
224, 2, 475
1, 465
224, 1, 950
224, 951, 2
0, 480
224, 2, 1902
0, 495
224, 3804, 1
224, 2, 3805
1, 510
224, 7610, 2
0, 525
224, 1, 15220
224, 15221, 2
0, 540
224, 30442, 1
224, 30443, 2
0, 555
224, 2, 60886
0, 570
224, 121772, 1
224, 2, 121773
0, 585
224, 2, 243546
0, 600
224, 2, 487092
0, 615
224, 2, 974184
1, 630
224, 1, 1948368
224, 1948369, 2
0, 645
224, 3896738, 1
224, 2, 3896739
0, 660
224, 1, 7793478
224, 2, 7793479
0, 675
224, 1, 15586958
15586959