226
7, 1, 1100
226, 1, 238
0
7, 85
67, 12
36, 86
225, 3096, -3096
0
0, 8
225, 4, 0
224, 4, 0
225, 67, 31
225, 98, -98
0
4, 8
225, 5, 0
224, 32, 5
226, 86, 19
226, 5, 27
18, 37
38, 37
225, 1406, -1406
0
8, 37
225, 2, 0
224, 2, 296
13, 47
225, 13, 85
225, 98, -98
0
8, 298
225, 0, 2
224, 2, 2384
226, 38, 88
91, 36
225, -3276, 3276
0
2386, 8
225, 3, 0
224, 3, 19088
225, 59, 76
225, 135, -135
0
8, 19091
225, 0, 6
224, 152728, 6
225, 90, 22
225, 112, -112
0
8, 152734
225, 0, 7
224, 7, 1221872
22, 28
5, 47
225, 235, -235
0
1221879, 8
225, 5, 0
224, 9775032, 5
9775037
226
7, 5, 1100