
49, -12

49, -12

36, -88

59, -16

1, -21

19, -12

62, -80

62, -80

62, -80

62, -81

3, -22

3, -22

3, -22

3, -22

3, -22

3, -22

108, -65

108, -65

108, -65

54, -80

54, -82

54, -80

54, -80

54, -80

54, -82

54, -82

68, -85

68, -86

6, -21

6, -21

6, -21

6, -21

24, 25

24, 25

24, 25

6, -21

6, -21

3, -24

3, -24

93, -70

93, -68

93, -69

80, -66

32, 11

32, 11

81, -30

67, -16

67, -14

67, -16

67, -14

67, -14

67, -15

80, -34

53, -76

53, -74

7, -15

7, -15

75, -84

53, -75

96, -84

6, -13

6, -13

6, -13

24, 29

24, 29

-7, -6

-7, -6

-7, -6

-7, -6

-7, -6

7, -12

-7, -6

-7, -6

-7, -6

7, -12

7, -12

48, -6

44, -85

44, -83

44, -83

60, -63

90, -77

86, -85

60, -62

17, -6

26, 8

17, -6

26, 8

71, -34

49, -12

49, -12

49, -10

71, -32

71, -33

89, -56

96, -88

66, -71

101, -71

101, -69

74, -45

83, -84

29, 9

44, 2

44, 2

44, 2

76, -84

76, -84

19, 27

19, 27

19, 27

19, 20

19, 20

44, 9

44, 9

59, -7

7, -20

22, 23

60, -26

117, -60

46, 3

115, -66

-7, -17

-7, -17

-7, -17

98, -67

89, -79

69, -60

76, -83

35, 13

48, -73

-9, -4

-9, -4

-9, -4

-9, -4

-9, -4

8, 9

8, 9

-6, 0

-6, 0

-6, 0

-6, 0

-6, 0

66, -58

66, -60

66, -59

51, -77

51, -75

70, -33

87, -87

63, -84

63, -84

63, -84

63, -84

63, -82

63, -84

63, -83

86, -52

86, -54

28, 11

28, 11

12, -19

73, -28

20, 6

20, 6

20, 6

20, 6

-5, -6

36, 9

36, 9

36, 9

11, 31

11, 31

11, 31

11, 31

11, 31

-2, -9

70, -31

116, -65

116, -67

116, -67

41, -81

83, -46

83, -44

110, -65

110, -63

35, 8

35, 8

92, -64

107, -64

92, -64

-6, -7

-6, -7

-6, -7

63, -83

63, -83

63, -81

51, -11

51, -10

22, 25

22, 25

62, -75

54, -74

54, -76

70, -17

70, -15

70, -15

70, -16

48, -84

47, -82

48, -84

74, -48

48, -85

55, -15

63, -73

63, -71

63, -72

38, 11

22, 29

3, 8

8, -1

38, 11

22, 29

22, 29

22, 29

79, -28

12, -5

12, -5

12, -5

79, -49

51, -7

51, -8

114, -66

114, -66

114, -67

11, 11

11, 11

11, 11

11, 11

11, 11

40, 13

-1, -18

-1, -18

91, -60

99, -82

99, -84

15, -15

59, -85

9, -19

9, -19

91, -57

12, -10

12, -10

12, -10

12, -10

73, -47

73, -49

79, -56

66, -76

87, -85

87, -84

21, 14

62, -63

62, -63

0, -17

0, -17

0, -17

111, -65

111, -65

111, -64

65, -79

65, -79

65, -79

65, -79

65, -79

13, 2

13, 2

13, 2

13, 2

99, -83

60, -82

60, -83

114, -67

2, -19

2, -19

2, -19

2, -19

85, -52

85, -52

85, -54

85, -54

13, 9

13, 9

85, -54

85, -53

12, -8

12, -8

12, -8

12, -8

70, -30

90, -82

90, -82

90, -80

11, 32

11, 32

90, -80

90, -82

90, -81

55, -8

106, -64

-2, -4

-2, -4

-2, -4

78, -80

62, -25

62, -26

58, -85

58, -84

60, -81

60, -82

2, -25

2, -25

64, -64

64, -64

64, -66

59, -14

123, -63

53, -82

17, 15

98, -74

98, -73

53, -84

53, -84

53, -83

5, -1

15, 27

118, -62

60, -72

69, -79

69, -79

69, -77

9, -10

11, -9

9, -10

9, -10

69, -78

19, 7

19, 7

-3, -5

-3, -5

19, 7

19, 7

80, -68

80, -67

75, -31

75, -32

56, -77

19, 19

67, -61

67, -59

67, -61

67, -61

67, -61

67, -61

67, -61

51, -80

51, -82

51, -80

51, -82

51, -80

55, -74

53, -83

53, -81

53, -83

53, -83

32, 13

13, -1

13, -1

13, -1

32, 13

13, -1

13, -1

2, -10

-3, -10

-3, -10

-3, -10

2, -10

112, -62

68, -84

63, -6

94, -67

94, -65

94, -67

83, -32

53, -73

53, -71

53, -71

12, -18

80, -67

77, -73

44, 4

44, 4

44, 4

91, -56

91, -58

11, -22

82, -82

82, -82

82, -81

86, -83

86, -83

86, -83

2, -8

-3, -8

-3, -8

80, -43

57, -81

31, 11

31, 11

32, 8

32, 8

23, 9

23, 9

93, -85

93, -85

93, -85

69, -29

8, -16

8, -16

8, -16

8, -16

71, -80

70, -85

80, -43

42, 12

16, 2

16, 2

16, 2

35, -86

91, -77

91, -79

37, 10

37, 10

37, 10

61, -62

61, -64

61, -64

61, -62

30, 12

8, 0

75, -31

11, -4

39, 7

39, 7

39, 7

62, -84

62, -82

62, -82

62, -83

92, -66

92, -68

88, -80

88, -81

1, 1

1, 1

1, 1

1, 1

9, -18

54, -82

54, -82

66, -9

75, -53

75, -53

94, -68

94, -69

11, 16

11, 16

11, 16

84, -33

70, -15

70, -14

93, -64

60, -6

93, -64

55, -15

93, -63

62, -83

62, -83

-4, 2

-4, 2

54, -83

54, -81

54, -81

54, -82

2, -18

2, -18

2, -18

-3, -18

2, -18

2, -18

2, -18

2, -18

109, -66

101, -66

109, -64

109, -66

109, -66

28, 8

83, -53

81, -82

90, -55

90, -55

51, -75

92, -68

59, -2

16, -1

92, -80

85, -83

85, -84

92, -80

62, -71

62, -71

18, -13

18, -13

18, -13

18, -13

75, -73

62, -72

19, -3

19, -3

40, -87

11, 13

11, 13

78, -54

10, 9

10, 9

52, -83

52, -83

52, -84

57, -15

53, -7

53, -6

66, -25

67, -79

67, -77

95, -77

22, 15

95, -77

95, -77

95, -78

83, -75

83, -75

83, -73

13, -16

13, -16

13, -16

5, 0

82, -75

19, 12

19, 12

13, 4

7, -3

7, -3

7, -3

7, -3

119, -64

119, -65

38, 8

38, 8

56, -10

56, -10

94, -72

14, 23

84, -52

72, -83

72, -83

50, -84

11, 8

11, 8

108, -64

108, -63

75, -29

65, -26

18, -11

18, -11

18, -11

18, -11

18, -11

-4, -1

-4, -1

-4, -1

75, -50

75, -50

75, -48

113, -65

92, -86

92, -87

64, -66

64, -66

96, -79

96, -81

-6, -2

13, 0

13, 0

-6, -2

-6, -2

57, -19

57, -20

65, -76

46, -85

46, -85

46, -85

46, -85

53, -18

44, -84

74, -48

74, -46

74, -47

101, -70

101, -69

10, -1

10, -1

13, 24

58, -17

58, -17

58, -16

68, -33

68, -34

82, -53

18, 22

14, 5

18, 22

18, 22

18, 22

18, 22

18, 22

67, -28

67, -30

67, -30

45, -79

88, -74

47, -82

47, -84

47, -84

47, -82

47, -82

47, -83

13, -7

13, -7

13, -7

13, -7

13, -7

96, -72

96, -70

65, -11

65, -11

65, -9

64, -78

64, -78

64, -80

64, -78

64, -80

73, -47

64, -80

64, -78

64, -80

64, -78

64, -79

83, -54

83, -54

35, -88

75, -47

77, -86

64, -22

69, -77

79, -43

79, -45

79, -45

47, -83

47, -83

47, -83

89, -80

89, -80

89, -80

89, -80

89, -82

89, -80

89, -81

47, -83

67, -32

14, 29

14, 29

14, 29

64, -12

64, -14

62, -7

63, -66

63, -65

68, -15

68, -16

39, 12

39, 12

54, -7

26, 9

54, -5

54, -6

56, -3

56, -4

61, -84

83, -47

83, -45

83, -45

50, -2

43, 12

43, 12

44, 6

88, -55

88, -53

88, -53

66, -73

58, -6

8, -14

8, -14

8, -14

18, 17

18, 17

18, 17

104, -66

6, -9

6, -9

90, -84

90, -82

10, 33

90, -82

90, -82

87, -74

47, 5

116, -64

116, -62

116, -62

76, -52

16, 4

16, 4

93, -85

93, -85

93, -83

93, -85

93, -83

93, -85

93, -83

93, -84

23, 24

23, 24

64, -11

54, -18

106, -63

106, -63

77, -54

106, -65

69, -9

69, -8

81, -54

90, -83

90, -83

90, -83

90, -81

90, -82

97, -76

31, 8

16, 0

1, -22

1, -22

1, -22

17, -13

78, -81

84, -67

14, -6

14, -6

14, -6

6, -22

6, -22

6, -22

1, -24

16, 24

-1, 5

1, -24

90, -73

90, -71

90, -72

59, -79

59, -79

59, -80

122, -66

51, -82

51, -83

79, -48

-4, -16

-4, -16

87, -84

15, 12

6, -24

109, -66

109, -68

109, -66

78, -73

-4, 4

49, -4

35, 9

35, 9

56, -72

56, -74

56, -73

2, -26

85, -32

16, -7

60, -64

60, -66

60, -66

60, -66

65, -80

65, -82

65, -80

61, -2

61, -1

87, -54

87, -55

5, -14

5, -14

86, -53

86, -53

51, -81

51, -81

51, -81

51, -82

84, -68

-4, 0

-4, 0

-4, 0

84, -79

92, -70

14, -17

14, -17

20, 27

20, 27

20, 27

82, -82

82, -82

20, 20

68, -73

68, -74

72, -34

58, -84

58, -84

94, -86

109, -67

51, -72

7, -19

7, -19

69, -18

21, 11

119, -68

119, -68

20, 37

33, 15

33, 15

18, 21

18, 21

18, 21

41, 12

41, 12

72, -33

47, -6

72, -32

82, -81

82, -81

82, -81

82, -81

86, -75

17, 22

-4, -7

-4, -7

67, -25

13, 6

13, 6

13, 6

13, 6

113, -66

113, -68

92, -59

7, -25

0, -21

0, -21

0, -21

0, -21

67, -77

67, -75

67, -77

67, -76

95, -77

95, -77

82, -71

95, -75

82, -73

68, -27

68, -28

78, -38

115, -65

115, -65

0, -13

0, -13

115, -65

115, -65

72, -16

115, -66

88, -82

88, -83

61, -63

61, -63

61, -64

50, 3

68, -86

119, -68

68, -84

68, -85

49, -73

58, -13

58, -15

58, -14

21, 32

8, -2

8, -2

8, -2

-1, -6

59, -16

98, -85

98, -85

98, -85

42, -82

42, -80

42, -82

42, -81

94, -62

94, -64

46, -85

113, -68

46, -85

46, -85

46, -83

12, 5

12, 5

12, 5

46, -83

46, -85

46, -85

46, -84

19, -8

19, -8

19, -8

19, -8

19, -8

19, -8

88, -83

88, -81

86, -84

88, -82

7, -10

7, -10

85, -51

85, -53

52, -6

52, -8

1, 8

73, -28

73, -28

17, 17

17, 17

22, 14

93, -65

93, -63

93, -63

93, -65

81, -83

74, -30

74, -32

46, 2

70, -79

70, -80

-9, -1

-9, -1

86, -54

86, -56

86, -55

55, -79

55, -80

88, -71

88, -71

88, -73

88, -71

88, -72

4, -21

4, -21

4, -21

4, -21

4, -21

4, -21

4, -21

4, -21

67, -8

63, -66

63, -66

68, -15

68, -14

19, 18

12, 29

19, 18

12, 29

12, 29

72, -29

65, -74

50, -8

50, -7

91, -80

91, -80

91, -80

81, -83

21, 35

85, -74

77, -83

62, -64

62, -64

62, -65

114, -67

114, -67

114, -65

114, -67

114, -65

52, -75

52, -73

51, -7

51, -7

52, -73

52, -74

81, -72

16, -14

120, -63

63, -69

63, -68

-2, 2

63, -78

63, -79

108, -65

108, -65

16, 6

16, 6

29, 10

65, -61

76, -86

57, -77

65, -61

-3, 5

-6, -20

-3, 5

-3, 5

69, -75

65, -63

65, -61

65, -63

4, -11

4, -11

65, -63

65, -62

57, -77

50, -75

50, -75

50, -74

38, -87

44, 10

44, 10

38, -87

57, -4

66, -62

13, -2

13, -2

13, -2

66, -64

66, -63

99, -66

99, -68

99, -66

20, 7

20, 7

63, -12

63, -13

94, -87

94, -87

12, -6

12, -6

12, -6

12, -6

12, -6

77, -45

83, -43

83, -44

7, -18

7, -18

7, -18

8, 10

85, -54

85, -55

65, -27

65, -26

117, -61

117, -61

117, -61

117, -61

60, -66

60, -66

60, -68

61, -8

61, -8

61, -8

60, -66

25, 10

25, 10

67, -82

67, -82

67, -82

60, -67

17, 21

70, -16

70, -16

55, -14

55, -15

95, -82

10, -14

10, -14

95, -80

-4, 6

-4, 6

-4, 6

72, -29

72, -27

72, -29

95, -82

95, -81

21, 16

112, -64

72, -49

89, -82

89, -82

89, -84

89, -84

99, -69

36, 10

36, 10

99, -68

55, -11

55, -11

55, -12

64, -78

64, -76

80, -65

80, -67

-2, -1

-2, -1

-2, -1

3, -16

72, -85

58, -3

8, -23

8, -23

8, -23

58, -3

3, 4

15, -10

15, -10

12, -17

78, -40

63, -10

63, -10

10, 6

10, 6

28, 9

28, 9

28, 9

97, -76

44, -80

89, -83

89, -83

89, -83

89, -81

89, -81

89, -81

60, -67

60, -80

60, -78

60, -80

55, -19

55, -20

75, -47

75, -47

15, -8

15, -8

21, 13

21, 13

21, 13

83, -79

83, -80

89, -73

89, -72

94, -83

94, -83

94, -84

116, -63

45, -82

45, -82

45, -82

45, -82

18, -9

18, -9

18, -9

45, -82

45, -82

-7, 1

-7, 1

-7, 1

-7, 1

-7, 1

-7, 1

39, -82

39, -82

39, -82

40, 4

17, 1

79, -48

-3, -6

-3, -6

-3, -6

38, 9

81, -35

43, -80

43, -81

53, -80

53, -78

11, 9

34, 15

34, 15

21, 8

21, 8

9, -17

9, -17

79, -56

68, -61

61, -28

37, 12

37, 12

13, 10

37, 12

5, -23

53, -13

96, -78

18, 26

18, 26

18, 26

2, -17

-3, -17

2, -17

2, -17

-3, -17

92, -66

60, -10

60, -11

33, 14

33, 14

33, 14

46, 5

46, 4

20, -3

67, -74

67, -76

95, -75

77, -33

77, -31

93, -84

93, -86

93, -86

93, -84

93, -84

65, -82

-5, 1

-5, 1

-5, 1

11, -1

11, -1

19, 28

19, 28

62, -68

62, -66

62, -67

-4, -2

-4, -2

-4, -2

-4, -2

-4, -2

20, 12

20, 12

20, 12

20, 12

20, 12

20, 12

53, -12

53, -11

18, -4

61, -14

65, -72

10, -2

10, -2

80, -73

69, -83

8, -15

-8, -9

12, 15

12, 15

0, 1

0, 1

18, 16

18, 16

18, 16

18, 16

18, 16

18, 16

8, -12

87, -81

87, -81

87, -79

87, -79

87, -81

87, -79

122, -62

122, -62

122, -64

67, -61

63, -69

67, -63

63, -70

67, -63

62, -67

62, -69

62, -69

62, -67

64, -10

57, -20

57, -18

57, -18

64, -10

62, -80

62, -78

62, -78

62, -79

93, -58

69, -83

54, -80

54, -78

54, -80

54, -79

92, -70

-2, 0

-2, 0

-2, 0

-2, 0

23, 10

41, -81

8, -20

8, -20

8, -20

8, -20

8, -20

82, -33

67, -26

64, -65

64, -67

64, -66

69, -73

87, -72

58, -81

58, -80

62, -12

7, -26

62, -12

62, -13

68, -28

68, -28

18, 13

31, 9

31, 9

57, -76

94, -65

94, -65

94, -65

54, -12

11, 33

11, 33

98, -73

77, -30

42, -81

42, -81

42, -82

50, -3

57, -4

57, -4

57, -5

64, -23

97, -84

97, -82

-7, -9

-7, -9

-7, -9

-7, -9

-7, -9

4, 1

77, -52

17, -9

64, -24

91, -84

91, -84

91, -83

99, -69

99, -70

59, -77

59, -79

59, -79

18, 8

18, 8

18, 8

57, -9

57, -10

17, 3

17, 3

17, 3

17, 3

59, -2

5, -12

97, -82

-8, -4

-8, -4

-8, -4

-8, -4

62, -12

62, -10

62, -12

68, -80

92, -72

54, -10

54, -10

54, -12

54, -11

115, -64

115, -63

91, -83

91, -82

60, -71

13, -15

98, -84

98, -85

82, -52

57, -7

57, -9

57, -9

46, -84

46, -86

46, -84

46, -84

46, -86

46, -86

46, -84

46, -84

46, -84

65, -6

86, -79

86, -81

86, -81

86, -81

86, -81

86, -81

86, -79

86, -80

5, -20

5, -20

5, -20

5, -20

17, 26

17, 26

17, 26

10, 10

10, 10

91, -73

91, -71

91, -72

22, 31

79, -29

81, -33

63, -78

63, -76

63, -76

40, 6

40, 6

40, 6

40, 6

49, -83

-6, -3

-6, -3

-6, -3

-6, -3

-6, -3

-6, -3

53, -70

-5, -9

-5, -9

61, -3

61, -1

66, -63

66, -63

10, -23

10, -23

47, -79

58, -14

58, -15

11, 0

11, 0

77, -29

77, -28

77, -49

19, 23

19, 23

19, 23

-5, 3

19, 23

14, -11

14, -11

79, -39

77, -85

67, -82

67, -84

-7, -4

-7, -4

-7, -4

-7, -4

-7, -4

-7, -4

-7, -4

-7, -4

-7, -4

67, -83

95, -84

95, -83

17, -4

17, -4

-10, -4

-10, -4

-10, -4

17, -4

-10, -4

17, -4

-10, -4

90, -68

90, -67

13, 27

61, -61

84, -67

114, -64

75, -48

75, -47

46, 6

46, 6

17, 16

17, 16

57, -17

57, -17

57, -18

11, -7

0, 3

11, -7

11, -7

11, -7

11, -7

11, -7

11, -7

67, -81

58, -20

67, -83

67, -81

67, -83

64, -72

109, -65

95, -81

96, -76

14, 22

14, 22

95, -81

95, -83

109, -65

109, -66

19, 5

73, -75

6, 9

6, 9

68, -14

68, -16

68, -16

93, -61

72, -28

57, -82

57, -81

-1, -21

-1, -21

-1, -21

69, -16

69, -16

69, -16

69, -18

83, -46

90, -67

77, -45

77, -47

77, -46

34, 14

34, 14

34, 14

85, -81

85, -81

90, -80

90, -80

90, -78

90, -67

90, -67

95, -72

67, -71

70, -78

22, 32

55, -77

55, -78

19, 36

-2, -14

-2, -14

19, 25

19, 25

19, 25

19, 25

19, 25

19, 25

-1, -13

-1, -13

45, -82

45, -84

45, -84

52, -81

55, -3

45, -82

60, -78

60, -77

39, -82

16, -15

39, -82

39, -83

78, -44

66, -17

43, -83

-5, -4

119, -67

-2, 6

-2, 6

-2, 6

119, -67

119, -66

4, -9

4, -9

62, -71

62, -69

45, -83

45, -81

45, -81

45, -81

45, -81

45, -82

50, -79

113, -67

39, -81

82, -67

39, -83

39, -83

39, -81

39, -81

39, -81

39, -82

-9, -2

124, -62

51, -78

52, -71

36, 7

36, 7

17, 8

17, 8

17, 8

17, 8

43, -83

43, -83

53, -78

53, -76

23, 27

72, -48

45, 4

-4, -12

25, 30

25, 30

4, -22

4, -22

4, -22

4, -22

4, -22

61, -28

20, 18

16, 27

16, 27

94, -84

94, -85

12, 14

12, 14

12, 14

59, -19

43, 5

43, 5

43, 5

92, -87

92, -87

48, -75

48, -77

48, -76

82, -43

63, -8

63, -10

63, -8

56, -15

37, -82

10, -12

10, -12

10, -12

10, -12

10, -12

10, -12

10, -12

88, -66

88, -68

70, -30

48, -5

35, 10

84, -74

63, -65

63, -67

63, -65

63, -67

63, -67

63, -66

120, -64

120, -64

59, -76

57, -76

12, -13

12, -13

12, -13

51, -10

51, -11

80, -36

10, -20

10, -20

48, -10

52, -11

52, -11

52, -11

61, -79

61, -79

61, -81

61, -81

66, -73

66, -75

66, -73

81, -67

87, -55

13, 7

94, -59

88, -67

88, -67

88, -68

88, -78

88, -80

88, -80

88, -79

65, -64

65, -66

96, -80

96, -82

96, -82

96, -81

38, 6

122, -63

122, -63

122, -65

-6, -19

-6, -19

-6, -19

41, -82

41, -83

22, 16

11, 6

11, 6

0, 8

59, -11

59, -9

74, -83

15, 5

15, 5

50, -13

50, -11

62, -78

54, -78

93, -81

93, -79

93, -81

93, -79

116, -62

116, -60

116, -61

54, -77

-2, -2

-2, -2

-2, -2

61, -72

3, -23

3, -23

29, 12

12, -11

12, -11

8, -3

12, -11

8, -3

81, -68

41, -83

41, -83

13, 30

13, 30

66, -28

21, 9

49, 4

117, -66

117, -66

42, 15

42, 15

44, 12

15, 25

15, 25

81, -44

81, -44

81, -42

60, -8

60, -8

60, -10

60, -9

99, -67

99, -66

33, 11

33, 11

33, 11

9, -13

9, -13

9, -13

-6, -5

-6, -5

-6, -5

1, -16

1, -16

-6, -5

-6, -5

-6, -5

9, -13

9, -13

73, -83

1, 4

69, -32

69, -33

15, 29

75, -30

63, -68

63, -68

2, -21

2, -21

2, -21

2, -21

93, -71

81, -42

8, 12

6, -16

6, -16

6, -16

6, -16

74, -73

56, -73

56, -75

56, -75

56, -75

56, -73

60, -67

60, -65

60, -65

60, -67

60, -65

60, -66

-6, -10

-6, -10

-6, -10

-3, -13

68, -60

1, 0

1, 0

4, 8

4, 8

14, 1

14, 1

53, -8

53, -9

55, -20

55, -19

76, -73

21, 34

22, 8

22, 8

76, -49

76, -51

90, -71

75, -31

115, -65

115, -63

115, -65

115, -64

9, -11

9, -11

-11, -4

-11, -4

66, -57

66, -57

66, -59

-6, -8

61, -13

61, -11

61, -11

86, -57

86, -55

64, -64

64, -62

64, -64

64, -64

48, -81

1, -7

89, -68

89, -68

40, -80

70, -77

70, -77

55, -75

16, 7

16, 7

71, -83

-3, -11

-3, -11

99, -70

99, -68

99, -68

63, -72

90, -60

14, 31

14, 31

96, -74

16, 19

16, 19

96, -76

55, -5

91, -64

23, 30

59, -80

59, -80

13, -3

13, -3

13, -3

59, -82

59, -81

87, -77

87, -79

87, -77

87, -79

87, -79

87, -77

87, -79

32, 10

19, 15

19, 15

19, 15

32, 10

19, 15

49, -75

11, -2

118, -63

89, -67

89, -69

89, -68

47, -78

55, -11

55, -11

89, -78

89, -78

89, -80

89, -79

16, 30

80, -44

80, -45

77, -28

-4, 7

114, -65

114, -65

114, -65

114, -65

56, -13

56, -13

56, -14

114, -63

114, -64

14, 11

14, 11

14, 11

14, 11

14, 11

3, -15

21, 33

21, 33

21, 33

3, -15

82, -69

82, -69

94, -62

58, -78

55, -8

3, -12

3, -12

57, -82

58, -2

58, -4

62, -10

62, -10

62, -10

62, -8

10, 7

10, 7

10, 7

10, 7

62, -9

-1, 1

99, -74

54, -9

120, -67

92, -85

92, -85

49, -84

98, -70

98, -72

18, 9

57, -83

57, -81

90, -78

90, -76

90, -77

62, -65

62, -65

3, -20

3, -20

3, -20

3, -20

3, -20

3, -20

77, -80

62, -67

62, -66

86, -56

67, -33

95, -66

68, -78

45, 15

88, -71

88, -71

88, -71

88, -69

57, -72

77, -49

77, -49

77, -48

48, -76

48, -74

84, -54

84, -54

84, -52

84, -52

84, -53

8, -19

8, -19

8, -19

8, -19

-9, -20

-9, -20

-9, -20

86, -77

86, -79

86, -79

86, -79

86, -79

86, -79

86, -79

86, -79

86, -78

117, -67

14, -9

55, -17

109, -64

109, -63

53, -74

53, -72

65, -78

65, -80

51, 0

65, -78

65, -80

65, -78

65, -78

65, -80

65, -78

65, -80

65, -78

65, -80

65, -79

53, -72

51, -76

14, 3

14, 3

14, 3

8, -25

8, -25

11, 10

11, 10

11, 10

55, -80

66, -60

66, -60

66, -60

66, -62

66, -60

66, -61

55, -82

55, -81

6, -14

6, -14

33, 13

33, 13

33, 13

33, 13

33, 13

37, -82

37, -84

65, -12

1, 6

1, 6

68, -29

21, 24

76, -87

76, -87

76, -86

62, -70

62, -68

117, -67

117, -67

112, -65

62, -68

16, 12

80, -35

-8, 2

-8, 2

119, -64

119, -63

79, -55

37, -83

37, -83

69, -78

69, -80

69, -78

69, -78

8, -10

8, -10

-4, -3

-4, -3

-4, -3

-4, -3

-4, -3

33, 8

71, -35

71, -33

71, -34

113, -63

5, -19

5, -19

5, -19

96, -83

10, -3

10, -3

65, -12

42, 14

42, 14

65, -10

65, -10

-2, -12

-2, -12

-2, -12

71, -32

97, -66

97, -67

69, -13

85, -77

85, -78

26, 30

26, 30

26, 30

91, -66

91, -68

91, -67

94, -81

94, -81

94, -80

88, -77

57, -7

57, -7

76, -53

96, -81

96, -81

92, -65

92, -64

93, -59

93, -60

52, -78

-8, -1

-8, -1

-8, -1

10, 12

10, 12

71, -17

71, -17

71, -17

93, -56

-1, -9

-1, -9

-7, 2

-7, 2

17, 2

97, -68

96, -71

96, -71

100, -65

89, -71

89, -70

91, -67

91, -80

50, -79

63, -64

105, -65

87, -75

87, -75

87, -76

63, -62

63, -64

63, -64

-3, 1

57, -18

57, -16

5, -10

20, 5

5, -10

50, -4

57, -16

57, -18

57, -18

57, -18

63, -62

13, -5

13, -5

58, -18

58, -20

80, -29

66, -26

66, -28

66, -26

66, -27

55, -74

90, -66

66, -24

31, 10

44, -81

8, -18

8, -18

8, -18

20, 36

18, 4

3, 7

8, -18

20, 36

18, 4

20, 36

20, 25

20, 25

20, 25

20, 25

20, 25

13, -10

5, -8

5, -8

71, -30

89, -58

74, -34

74, -32

84, -83

84, -84

47, 16

83, -82

83, -80

83, -81

-7, -1

6, -2

6, -2

95, -68

95, -68

95, -68

48, -82

19, 14

19, 14

19, 14

19, 14

19, 14

48, -83

12, 32

12, 32

12, 32

-5, 2

14, 8

14, 8

24, 9

51, 4

51, 2

58, -4

58, -6

13, -8

13, -8

13, -8

66, -79

66, -81

66, -81

72, -28

72, -29

66, -81

66, -81

64, -65

64, -63

64, -63

64, -65

64, -64

18, 24

73, -34

73, -33

-1, -4

11, -12

9, 11

48, -81

59, -82

59, -82

59, -83

78, -38

71, -75

0, 2

0, 2

18, -7

18, -7

18, -7

0, 2

18, -7

61, -77

61, -79

67, -80

95, -67

95, -69

93, -57

67, -78

67, -79

12, -9

12, -9

12, -9

12, -9

12, -9

95, -80

95, -80

95, -79

68, -76

61, -4

61, -2

60, -62

60, -62

122, -62

122, -61

101, -72

101, -70

66, -71

84, -46

84, -44

84, -46

12, 3

7, -21

74, -50

74, -52

74, -52

74, -51

59, -81

59, -81

59, -83

59, -81

59, -83

59, -83

80, -49

5, -18

34, 16

34, 16

48, 5

20, -6

86, -77

86, -77

7, -13

7, -13

7, -13

7, -13

47, 8

47, 8

93, -79

-5, -1

-5, -1

-5, -1

-5, -1

-5, -1

-5, -1

-5, -1

-5, -1

93, -77

46, 7

110, -63

110, -63

59, -72

68, -9

71, -28

71, -48

16, -5

16, -5

80, -54

80, -56

19, -11

19, -11

45, 14

45, 14

71, -84

116, -59

116, -61

116, -61

67, -86

67, -87

102, -66

95, -88

95, -86

64, -16

45, -78

45, -80

77, -46

77, -48

77, -46

77, -48

76, -85

76, -85

76, -83

76, -85

34, 13

68, -8

9, -9

9, -9

16, -10

16, -10

16, -10

16, -10

10, -19

10, -19

88, -67

67, -11

43, -79

-1, 8

-1, 8

87, -82

7, -11

7, -11

80, -47

80, -45

87, -80

87, -80

87, -80

87, -80

90, -72

90, -73

87, -81

19, 22

19, 22

66, -16

83, -74

83, -74

83, -74

35, 12

-3, -9

-3, -9

-3, -9

-3, -9

-2, 7

78, -72

78, -73

82, -70

16, -8

16, -8

16, -8

16, -8

-4, -5

12, -4

-4, -5

-4, -5

-4, -5

-4, -5

16, -8

12, -4

58, -19

58, -19

82, -69

115, -62

115, -60

115, -62

34, 8

-8, -7

-8, -7

-8, -7

-8, -7

69, -60

79, -37

-3, 3

63, -83

63, -83

63, -83

63, -83

111, -62

-7, -16

12, 16

12, 16

45, -86

9, -22

9, -22

57, -66

10, -5

58, -82

58, -82

6, -23

6, -23

6, -23

6, -23

6, -23

-9, -3

-9, -3

-9, -3

-9, -3

-9, -3

-4, -10

-4, -10

-4, -10

64, -7

66, -20

39, -88

39, -88

39, -87

17, 4

85, -76

100, -67

109, -63

109, -65

109, -64

49, -81

9, -24

92, -86

92, -86

70, -82

70, -83

55, -82

55, -82

51, -74

55, -82

55, -82

97, -69

97, -70

51, -74

51, -74

48, -7

48, -6

83, -55

83, -53

83, -55

83, -53

83, -54

105, -67

65, -77

52, -76

10, -10

10, -10

2, -22

2, -22

10, -10

10, -10

25, 28

19, 17

25, 28

19, 17

17, 0

68, -17

-4, -8

-4, -8

92, -56

92, -56

92, -56

88, -68

88, -68

2, -24

70, -82

62, -64

62, -62

62, -62

62, -63

18, -14

56, -16

56, -14

55, -83

55, -83

55, -81

55, -81

55, -83

17, 24

17, 24

17, 24

17, 24

55, -83

55, -82

9, -4

59, -6

56, -13

56, -13

100, -67

10, -8

10, -8

10, -8

10, -8

10, -8

10, -8

84, -33

84, -32

82, -72

82, -74

82, -72

82, -73

72, -75

72, -75

68, -81

50, -76

99, -83

99, -85

99, -84

64, -74

52, -11

52, -11

52, -10

119, -65

119, -63

105, -68

-7, -7

-7, -7

-7, -7

-7, -7

-7, -7

18, 6

114, -60

114, -61

50, -6

17, -7

17, -7

17, -7

92, -58

91, -59

81, -68

-3, -4

-3, -4

-3, -4

69, -77

41, 14

113, -63

86, -82

86, -82

86, -80

86, -82

86, -80

86, -80

86, -80

86, -82

12, 8

12, 8

12, 8

86, -80

86, -82

86, -81

123, -64

123, -62

123, -63

56, -19

56, -19

60, -83

60, -85

52, -7

52, -7

52, -9

50, -10

121, -66

87, -74

87, -76

87, -75

38, 7

38, 7

38, 7

-5, 0

-5, 0

-5, 0

-5, 0

-5, 0

-5, 0

-5, 0

-5, 0

64, -28

11, 7

11, 7

20, 15

20, 15

20, 15

9, 13

9, 13

24, 24

-6, -6

0, -16

-6, -6

0, -16

20, 15

-6, -6

88, -74

88, -74

88, -72

88, -73

-4, -18

47, -86

50, -7

67, -70

118, -66

112, -62

112, -63

53, -84

95, -69

95, -71

13, 28

13, 28

13, 28

13, 28

-2, -3

-2, -3

-2, -3

-2, -3

49, -13

10, -18

10, -18

10, -18

10, -18

10, -18

43, 17

49, -11

49, -11

0, 0

0, 0

-5, -7

41, -87

1, -15

1, -15

1, -15

61, -76

9, 8

9, 8

9, 8

19, 21

19, 21

87, -54

81, -73

11, 30

11, 30

32, 12

75, -83

63, -63

63, -63

63, -65

6, -15

6, -15

6, -15

91, -78

91, -78

44, -84

44, -84

44, -82

44, -82

84, -51

84, -53

84, -53

67, -60

67, -59

6, -12

6, -12

102, -67

52, -18

64, -15

79, -41

76, -32

-3, 8

85, -82

85, -81

60, -2

60, -1

77, -28

77, -29

83, -83

93, -77

93, -76

4, -16

4, -16

61, -11

61, -11

61, -11

61, -11

61, -10

1, -20

1, -20

1, -20

68, -74

44, -83

44, -81

52, -80

52, -81

3, -19

3, -19

3, -19

3, -19

3, -19

3, -19

3, -19

55, -5

6, -20

6, -20

6, -20

6, -20

6, -20

6, -20

65, -10

65, -9

84, -73

84, -75

89, -70

84, -74

75, -72

66, -61

66, -61

66, -59

66, -59

66, -61

66, -61

66, -61

42, 11

120, -67

120, -65

120, -65

102, -68

83, -83

83, -82

18, -2

18, -2

36, -83

61, -9

61, -7

61, -9

61, -7

61, -9

86, -76

77, -30

50, -82

50, -81

65, -65

65, -66

-9, -19

-9, -19

-9, -19

-9, -19

57, -67

22, 24

22, 24

22, 24

36, -83

28, 12

28, 12

28, 12

70, -16

70, -16

70, -17

62, -83

62, -83

62, -84

55, -16

68, -61

54, -83

63, -16

90, -54

67, -78

67, -76

67, -76

67, -76

60, -63

60, -65

69, -8

95, -78

95, -76

95, -78

95, -78

95, -78

94, -79

94, -79

94, -79

94, -78

92, -60

92, -61

65, -25

65, -24

76, -30

80, -43

80, -45

86, -53

86, -53

3, -10

3, -10

86, -55

117, -66

57, -68

68, -27

57, -79

84, -54

84, -55

89, -74

-9, -5

-9, -5

-9, -5

89, -72

89, -74

89, -72

76, -52

38, 12

11, 12

11, 12

11, 12

3, -8

3, -8

59, -66

59, -66

57, -14

103, -66

25, 29

87, -82

87, -84

84, -45

63, -6

84, -46

87, -82

87, -84

87, -82

61, -82

61, -81

19, 11

19, 11

-8, -2

-8, -2

-8, -2

-8, -2

13, 23

13, 23

121, -66

52, -74

98, -75

88, -86

66, -58

14, 2

14, 2

14, 2

62, -1

66, -58

10, 28

87, -81

87, -82

82, -52

82, -53

14, 9

14, 9

0, -14

0, -14

0, -14

0, -14

0, -14

58, -82

93, -80

93, -82

93, -80

93, -80

97, -66

118, -66

118, -68

118, -66

72, -76

72, -76

87, -73

80, -49

87, -72

72, -75

50, -74

71, -79

71, -80

64, -62

64, -61

85, -53

85, -55

85, -55

13, 5

13, 5

13, 5

85, -53

85, -54

91, -67

91, -67

76, -29

76, -29

76, -27

76, -27

76, -29

66, -79

66, -77

66, -77

76, -48

76, -50

3, -18

3, -18

3, -18

3, -18

76, -84

76, -84

76, -86

58, -83

58, -82

47, -83

47, -85

47, -85

47, -83

47, -83

71, -48

96, -66

96, -68

65, -74

65, -73

13, 25

13, 25

-7, -2

-7, -2

-7, -2

-7, -2

-7, -2

-7, -2

118, -67

88, -54

88, -52

88, -54

88, -53

118, -68

58, -72

-10, -2

15, 1

15, 1

15, 1

1, 7

15, 1

68, -84

47, 2

19, -9

14, -1

19, -9

-2, -5

-2, -5

-2, -5

-2, -5

19, -9

62, -63

13, 29

13, 29

13, 29

13, 29

13, 29

60, -7

62, -63

62, -65

62, -65

8, -17

8, -17

8, -17

8, -17

8, -17

63, -28

-9, -18

4, -14

19, 3

39, 11

39, 11

20, 14

19, 35

19, 35

96, -69

43, 11

21, 27

43, 11

96, -67

96, -69

86, -82

86, -84

86, -84

86, -82

96, -80

86, -83

68, -82

-2, -10

-2, -10

-2, -10

21, 20

21, 20

66, -28

66, -29

99, -73

99, -75

37, -88

37, -88

31, 12

31, 12

7, -9

7, -9

7, -9

97, -68

97, -70

69, -72

69, -74

92, -81

92, -81

90, -83

90, -84

92, -81

92, -81

92, -81

92, -79

92, -81

56, -77

56, -78

70, -34

70, -33

123, -63

-1, 2

40, -80

53, -8

53, -7

40, -82

68, -73

61, -76

42, 13

42, 13

42, 13

42, 13

56, -4

16, 23

16, 23

19, 26

19, 26

19, 26

19, 26

19, 26

19, 26

19, 26

56, -4

86, -81

86, -83

86, -83

86, -81

-2, -8

-2, -8

86, -81

86, -83

86, -83

86, -81

102, -69

78, -85

20, -13

95, -67

-5, -2

-5, -2

-5, -2

-5, -2

-5, -2

-5, -2

86, -73

13, -6

13, -6

92, -71

7, -22

7, -22

7, -22

11, -19

11, -19

99, -84

112, -65

112, -63

89, -86

67, -25

16, 5

5, -17

5, -17

16, 5

5, -17

5, -17

51, -84

7, -24

7, -24

7, -24

46, -81

64, -23

53, -73

53, -75

53, -73

53, -73

53, -73

61, -63

61, -63

61, -61

45, 3

45, 3

45, 3

110, -66

110, -66

110, -65

97, -73

23, 29

23, 29

39, 3

39, 3

107, -66

107, -64

107, -66

60, -85

115, -61

79, -66

79, -67

51, 1

19, 16

16, 25

78, -44

78, -46

78, -46

13, -17

91, -73

85, -82

85, -83

94, -76

58, -6

59, -66

59, -68

59, -68

59, -66

59, -68

59, -68

61, -27

7, -4

11, -5

11, -5

11, -5

11, -5

11, -5

11, -5

16, 29

18, -12

18, -12

18, -12

-2, -18

16, 29

52, -84

52, -82

64, -81

64, -79

64, -79

64, -81

64, -79

64, -81

64, -80

95, -68

95, -68

95, -70

-4, 5

85, -83

79, -67

11, -10

11, -10

11, -10

62, -6

62, -8

89, -53

19, 13

19, 13

19, 13

19, 13

19, 13

14, -16

54, -8

54, -6

54, -6

54, -7

52, -83

52, -81

12, 2

79, -44

79, -44

79, -42

14, 4

14, 4

14, 4

14, 4

14, 4

79, -42

79, -43

119, -61

60, -14

72, -84

48, -13

72, -84

58, -16

58, -18

72, -82

72, -83

59, -67

59, -67

59, -78

103, -69

59, -80

59, -80

59, -79

59, -69

50, -82

50, -82

50, -84

12, 9

12, 9

4, -2

111, -64

111, -64

111, -66

15, -9

15, -9

15, -9

11, -8

11, -8

79, -41

79, -43

79, -43

79, -43

79, -42

36, 15

51, -1

88, -83

88, -83

88, -83

14, 0

14, 0

15, 3

15, 3

72, -83

18, 27

18, 27

82, -45

50, -83

114, -61

66, -20

50, -83

50, -83

124, -62

19, 8

19, 8

19, 8

18, 20

18, 20

18, 20

14, 24

14, 24

14, 24

10, 29

16, -6

10, 29

45, 16

21, 7

21, 7

21, 7

84, -45

83, -32

67, -73

54, -74

50, -73

48, -10

66, -24

66, -25

68, -16

43, 16

43, 16

43, 16

14, -7

66, -75

98, -74

100, -65

66, -75

7, 8

12, -1

105, -65

9, 9

9, 9

9, 9

9, 9

120, -63

57, -78

57, -78

57, -76

21, 30

59, -10

64, -16

69, -85

75, -51

62, -29

39, 13

39, 13

61, -82

2, 2

-3, 2

-4, -6

-4, -6

2, 2

-4, -6

-4, -6

61, -84

64, -13

64, -12

61, -84

61, -83

63, -62

63, -61

65, -62

65, -64

65, -62

11, -18

65, -64

65, -62

65, -64

65, -63

43, 13

66, -11

96, -69

96, -70

56, -20

56, -19

-8, -20

80, -46

13, 15

38, -81

10, -6

10, -6

84, -81

84, -81

84, -79

61, -81

61, -83

45, 8

45, 8

42, -86

81, -46

81, -44

81, -45

94, -80

94, -80

94, -81

64, -21

80, -55

66, -9

80, -57

80, -56

93, -84

39, 8

93, -83

-4, -17

-4, -17

117, -62

117, -62

9, -1

9, -1

9, -1

56, -77

56, -75

61, -72

100, -69

70, -80

52, -7

52, -6

55, -80

55, -80

116, -61

116, -61

22, 10

62, -13

56, -6

56, -4

56, -5

93, -81

93, -81

10, -17

17, -12

20, 21

20, 21

-3, -1

-3, -1

-3, -1

-3, -1

26, 29

26, 29

-3, -1

-3, -1

60, -1

110, -66

110, -66

110, -66

110, -68

110, -66

77, -54

91, -86

4, -23

107, -66

107, -68

70, -14

-1, -7

-1, -7

-1, -7

93, -72

55, -13

56, -9

56, -11

50, -5

50, -6

76, -26

76, -28

-7, -20

89, -83

89, -85

89, -84

51, 3

82, -33

78, -29

78, -29

56, -9

58, -65

110, -67

1, -19

1, -19

1, -19

1, -19

1, -19

51, -1

66, -19

15, 8

18, 7

18, 7

107, -68

23, 15

17, 27

17, 27

102, -67

102, -66

17, 20

6, -19

6, -19

6, -19

6, -19

6, -19

6, -19

17, 20

17, 20

49, -76

92, -61

92, -61

14, -14

18, 19

18, 19

40, -83

55, -12

55, -12

55, -10

55, -12

55, -12

66, -82

1, -25

-5, -12

-5, -12

92, -55

92, -55

92, -57

66, -82

66, -80

66, -80

66, -80

66, -80

66, -81

76, -81

12, 4

49, -6

91, -53

3, 5

3, 5

111, -67

16, 15

16, 15

47, -86

47, -85

14, 6

14, 6

90, -73

51, -6

51, -8

51, -8

51, -7

80, -56

59, -70

40, -82

76, -49

76, -47

76, -49

57, -8

57, -8

57, -10

0, -15

0, -15

12, 0

12, 0

49, -11

49, -10

68, -34

68, -34

74, -72

74, -73

67, -87

67, -85

67, -87

74, -49

74, -49

74, -51

95, -85

95, -85

83, -66

61, -7

98, -82

98, -84

63, -79

63, -79

63, -80

46, -82

46, -82

46, -84

46, -83

111, -68

57, -66

82, -31

44, 14

56, -17

56, -19

56, -17

56, -17

56, -19

40, 5

40, 5

40, 5

44, -80

73, -74

11, 28

11, 28

12, -7

11, 28

0, -20

0, -20

0, -20

0, -20

0, -20

82, -51

82, -53

9, -16

9, -16

9, -16

73, -49

73, -50

82, -52

98, -83

102, -70

102, -69

51, -73

51, -73

51, -75

46, -81

46, -81

46, -83

46, -82

78, -29

78, -27

1, -8

78, -48

78, -48

94, -63

94, -63

10, 15

10, 15

83, -80

63, -70

78, -84

78, -85

62, -1

90, -54

83, -44

90, -56

98, -73

45, -87

45, -86

2, -16

2, -16

2, -16

20, 11

20, 11

67, -63

4, -15

77, -84

2, 4

2, 4

-3, 4

-3, 4

77, -82

8, -21

8, -21

8, -21

36, 14

4, -12

82, -73

82, -73

27, 11

-1, -14

-1, -14

46, 5

62, -62

62, -62

48, -76

8, -13

8, -13

8, -13

80, -30

80, -29

69, -85

69, -85

69, -83

92, -57

57, -5

-3, 0

-3, 0

-3, 0

-3, 0

57, -3

57, -5

57, -4

88, -53

77, -82

90, -59

-1, 6

66, -76

66, -74

18, -3

78, -47

78, -47

4, -20

4, -20

4, -20

4, -20

4, -20

4, -20

4, -20

4, -20

71, -28

60, -79

60, -80

20, 32

20, 32

59, -78

59, -76

59, -78

121, -66

81, -30

99, -71

123, -61

1, -18

1, -18

1, -18

14, -2

14, -2

-3, -7

-3, -7

49, -80

49, -81

88, -73

88, -75

88, -73

106, -64

8, -11

8, -11

106, -66

106, -65

3, -17

3, -17

87, -68

63, -11

63, -13

36, -87

-2, 5

-2, 5

17, 7

17, 7

22, 27

22, 27

22, 27

118, -67

118, -66

22, 20

60, -71

53, -81

53, -81

53, -79

17, 19

17, 19

66, -61

66, -61

5, -21

97, -83

97, -84

66, -61

66, -62

13, 14

13, 14

13, 14

13, 14

72, -34

-6, 1

-9, -17

-6, 1

72, -34

72, -32

91, -83

91, -85

5, -13

5, -13

5, -13

5, -13

20, 35

5, -13

91, -83

96, -66

58, -66

58, -66

58, -68

87, -69

87, -69

120, -65

120, -64

87, -69

57, -74

57, -74

87, -78

87, -78

87, -78

87, -80

87, -78

87, -80

87, -78

87, -79

95, -89

95, -87

56, -74

56, -74

56, -74

66, -25

66, -27

66, -27

53, -72

53, -70

38, -82

38, -82

85, -52

13, -13

12, -14

65, -63

65, -65

65, -64

20, 26

88, -54

88, -56

88, -55

41, -86

94, -84

94, -84

94, -84

94, -84

-8, -3

-8, -3

-8, -3

-8, -3

58, -67

58, -67

58, -69

58, -68

74, -85

58, -80

12, 6

12, 6

12, 6

5, -11

38, -82

64, -79

64, -79

64, -79

64, -79

64, -79

64, -79

64, -79

64, -78

60, -11

87, -88

87, -87

94, -82

81, -54

-1, -2

39, -87

39, -87

58, -14

39, -87

13, -11

24, 30

24, 30

0, 7

0, 7

86, -68

-2, -6

-2, -6

-2, -6

-2, -6

-2, -6

37, 13

96, -70

96, -68

96, -69

70, -76

70, -78

61, -64

61, -66

61, -66

94, -73

94, -72

61, -66

61, -64

55, -78

55, -78

67, -83

67, -85

14, 10

14, 10

14, 10

62, -81

62, -79

62, -81

19, 9

19, 9

35, 15

35, 15

35, 15

19, 9

19, 9

19, 9

95, -83

95, -83

62, -79

67, -84

49, -76

9, -14

20, 16

9, -14

9, -14

9, -14

9, -14

54, -81

54, -81

54, -79

54, -81

54, -79

54, -79

54, -81

54, -81

53, -11

53, -11

81, -46

65, -15

9, 6

9, 6

9, 6

64, -29

-7, -3

-7, -3

-7, -3

-7, -3

-7, -3

-7, -3

-7, -3

-7, -3

59, -10

59, -9

86, -68

69, -33

-3, -14

-3, -14

37, 8

17, -3

37, 8

-10, -3

-10, -3

-10, -3

-10, -3

37, 8

69, -33

93, -66

7, 9

86, -78

86, -80

86, -78

86, -78

86, -78

86, -78

86, -78

86, -78

89, -74

68, -13

86, -80

93, -64

93, -65

62, -72

62, -70

62, -72

79, -66

71, -75

71, -76

11, 29

20, 13

76, -47

69, -33

-3, 6

19, 34

59, -67

59, -67

59, -67

59, -65

59, -67

103, -65

103, -66

45, -85

45, -85

45, -84

68, -86

16, -13

16, -13

22, 7

22, 7

96, -74

96, -74

96, -72

91, -65

91, -64

69, -17

69, -17

69, -17

66, -81

66, -81

66, -81

66, -82

45, 2

45, 2

68, -10

85, -68

85, -67

86, -86

89, -86

-6, -9

-6, -9

-6, -9

-6, -9

-6, -9

-6, -9

7, -1

27, 8

7, -1

48, -5

79, -39

106, -66

106, -68

43, 2

10, 14

10, 14

43, 2

-6, 3

66, -72

101, -71

12, -2

12, -2

12, -2

108, -66

108, -64

108, -66

108, -66

1, -26

108, -65

-5, -3

-5, -3

-5, -3

-5, -3

-5, -3

89, -56

22, 30

89, -56

89, -55

43, 9

43, 9

122, -63

122, -63

122, -61

18, -5

18, -5

18, -5

122, -61

16, -11

-4, -13

11, -6

11, -6

11, -6

11, -6

11, -6

62, -13

62, -13

62, -11

62, -12

54, -11

54, -12

85, -67

85, -69

85, -68

85, -80

85, -80

46, 15

44, 1

18, -10

18, -10

18, -10

10, -13

10, -13

10, -13

10, -13

59, -70

106, -67

106, -68

103, -69

34, 10

34, 10

34, 10

65, -73

65, -74

89, -57

52, -80

78, -45

56, -82

87, -69

54, -19

87, -69

87, -69

87, -70

11, -17

11, -17

18, -8

18, -8

18, -8

18, -8

18, -8

67, -63

78, -28

78, -27

-4, -11

-4, -11

-4, -11

-4, -11

-4, -11

-4, -11

9, -2

9, -2

9, -2

15, 2

15, 2

15, 2

15, 2

15, 2

15, 2

55, -10

-8, -19

50, -78

50, -79

56, -73

56, -73

15, 9

15, 9

48, -73

14, -15

14, -15

-6, -4

-6, -4

-6, -4

-6, -4

10, -11

10, -11

10, -11

10, -11

-6, -4

65, -27

65, -27

65, -27

69, -75

-3, -2

-3, -2

-3, -2

-3, -2

79, -73

18, 18

18, 18

18, 18

90, -81

90, -81

90, -79

90, -79

90, -81

90, -79

90, -80

115, -63

50, -13

115, -62

116, -66

116, -66

116, -65

16, 17

49, -83

71, -80

64, -26

64, -24

64, -25

78, -80

82, -43

-8, -5

-8, -5

29, 11

52, -12

52, -10

52, -12

52, -11

67, -33

61, -66

61, -66

61, -66

64, -77

64, -77

64, -76

19, 4

19, 4

19, 4

19, 4

37, -86

12, 10

77, -32

78, -47

78, -48

49, -82

90, -70

69, -29

90, -72

5, 1

5, 1

22, 12

22, 12

-7, -19

69, -84

69, -84

14, 27

67, -15

67, -15

67, -15

67, -15

50, -12

50, -11

-10, -19

-10, -19

51, -81

7, -16

51, -81

51, -80

93, -68

93, -66

93, -68

93, -68

93, -66

93, -68

93, -66

93, -66

93, -67

110, -67

110, -67

110, -65

110, -67

110, -67

110, -67

110, -67

110, -65

63, -79

64, -9

64, -9

64, -10

63, -79

63, -77

97, -74

19, 24

19, 24

19, 24

19, 24

19, 24

61, -80

61, -78

61, -80

107, -65

107, -67

107, -65

107, -67

63, -78

61, -79

21, 28

21, 28

21, 28

21, 28

-8, -8

-8, -8

-8, -8

13, 1

13, 1

13, 1

13, 1

-8, -8

66, -18

86, -70

49, 4

74, -44

74, -46

76, -28

76, -28

76, -29

87, -78

87, -76

87, -76

87, -78

114, -62

68, -59

19, -7

19, -7

121, -64

121, -63

82, -81

92, -82

92, -80

92, -80

61, -12

92, -80

92, -82

92, -80

92, -81

51, -72

-7, -5

-7, -5

-7, -5

-7, -5

-7, -5

-7, -5

-7, -5

-7, -5

-7, -5

-7, -5

93, -69

93, -67

93, -69

93, -67

93, -67

93, -67

17, -5

9, 10

9, 10

17, -5

93, -78

93, -79

77, -51

69, -13

69, -15

69, -14

-1, -12

-1, -12

56, -5

56, -5

35, 14

67, -29

67, -31

81, -45

81, -45

81, -43

118, -63

45, 5

11, 15

11, 15

11, 15

45, 4

-7, -10

-7, -10

-7, -10

-7, -10

76, -32

97, -84

13, 31

13, 31

13, 31

97, -84

97, -84

-11, -3

58, -78

39, 4

17, -10

17, -10

63, -28

44, 3

44, 3

44, 3

108, -67

9, -23

9, -23

9, -23

82, -70

111, -66

91, -86

43, 4

-1, -20

-1, -20

-1, -20

8, -9

8, -9

61, -10

61, -12

61, -12

61, -12

61, -10

61, -10

71, -76

-7, -8

-7, -8

-7, -8

-7, -8

-7, -8

2, -27

2, -27

88, -79

88, -81

88, -81

88, -80

71, -74

56, -18

56, -17

71, -76

91, -55

17, -8

-8, -18

-8, -18

-8, -18

-8, -18

-8, -18

55, -74

2, -23

2, -23

60, -79

93, -87

60, -78

3, -21

3, -21

3, -21

3, -21

3, -21

3, -21

3, -21

0, -19

0, -19

83, -66

67, -75

67, -74

95, -74

94, -64

94, -64

94, -66

-5, -5

-5, -5

68, -76

80, -55

68, -77

52, -71

91, -58

88, -70

88, -72

88, -70

8, -22

88, -70

88, -72

49, -6

88, -70

57, -84

64, -80

64, -82

64, -82

48, -85

-5, -10

-5, -10

-5, -10

-5, -10

53, -79

53, -77

86, -78

86, -78

86, -77

53, -77

16, 1

16, 1

15, -16

15, -16

8, -24

98, -67

15, 4

15, 4

37, -88

67, -29

67, -29

12, -15

74, -33

74, -33

120, -62

67, -86

67, -86

67, -84

12, -12

-5, -8

-5, -8

-5, -8

-5, -8

23, 31

23, 31

95, -84

-7, -18

95, -85

4, -19

44, 16

4, -19

4, -19

4, -19

4, -19

8, -4

8, -4

74, -32

116, -66

116, -66

116, -66

116, -67

46, 14

46, 14

65, -62

65, -62

65, -62

98, -67

15, 24

15, 24

98, -67

95, -89

46, -79

1, -17

1, -17

73, -33

73, -34

40, -86

-4, 1

40, -87

96, -88

0, -8

0, -8

13, 3

13, 3

13, 3

13, 3

13, 3

13, 3

15, -7

15, -7

73, -33

19, 6

19, 6

19, 6

23, 11

44, 13

44, 13

5, -22

5, -22

5, -22

14, 30

14, 30

14, 30

14, 30

14, 30

14, 30

14, 30

5, -22

101, -65

67, -15

67, -15

117, -60

117, -62

117, -61

7, -14

7, -14

7, -14

7, -14

9, -15

9, -15

12, 27

33, 12

33, 12

12, 27

33, 12

33, 12

9, -15

9, -15

9, -15

45, -84

45, -86

45, -85

75, -74

75, -73

37, -85

9, -12

9, -12

9, -12

75, -49

75, -50

85, -78

13, 26

47, 7

-5, -18

-5, -18

-5, -18

52, 1

62, -77

62, -78

-3, -15

89, -81

89, -81

89, -81

89, -79

89, -81

44, 8

89, -79

52, -77

54, -79

54, -77

54, -79

63, -25

62, -3

83, -74

-3, -12

-3, -12

-3, -12

83, -73

37, 9

37, 9

37, 9

10, 31

9, -20

63, -77

63, -75

64, -75

58, -65

21, 25

58, -67

74, -31

58, -67

4, -8

84, -80

84, -80

84, -82

84, -80

-2, -13

8, 8

-2, -13

-2, -13

0, -18

96, -83

96, -84

93, -71

21, 29

21, 29

74, -51

74, -51

90, -60

89, -72

-1, 7

2, -20

2, -20

2, -20

2, -20

2, -20

2, -20

2, -20

2, -20

13, -4

68, -8

78, -48

89, -71

79, -37

77, -86

71, -82

71, -82

90, -55

90, -57

90, -57

36, 8

36, 8

36, 8

45, 6

63, -11

63, -9

63, -9

63, -9

63, -9

65, -26

65, -26

65, -27

10, 11

10, 11

87, -68

79, -42

79, -42

87, -70

87, -70

87, -68

62, -29

87, -69

20, 9

20, 9

20, 9

65, -23

64, -63

64, -63

64, -63

16, -9

16, -9

16, -9

16, -9

93, -60

93, -59

71, -83

71, -81

-2, -11

-2, -11

-2, -11

14, -3

27, 9

63, -8

16, 3

16, 3

58, -5

58, -3

58, -3

58, -5

94, -67

23, 26

23, 26

23, 26

64, -26

58, -68

4, -18

4, -18

4, -18

13, 13

13, 13

68, -24

10, 32

10, 32

10, 32

73, -75

14, 12

14, 12

14, 12

65, -81

65, -81

65, -79

65, -79

65, -79

65, -79

60, -77

60, -77

5, 8

69, -28

17, 28

17, 28

17, 28

17, 28

17, 28

20, 34

18, 23

18, 23

18, 23

18, 23

53, -18

53, -18

53, -18

74, -28

74, -50

74, -49

61, -76

61, -77

-4, -9

-4, -9

92, -84

92, -84

92, -82

92, -84

74, -85

104, -65

94, -69

94, -69

94, -69

57, -17

57, -17

57, -16

94, -78

94, -78

94, -80

94, -78

87, -73

-4, 3

-4, 3

7, -2

121, -64

13, 8

13, 8

13, 8

13, 8

15, 6

47, -79

11, -21

11, -21

76, -82

48, -85

10, -9

10, -9

10, -9

10, -9

10, -9

48, -84

30, 10

30, 10

65, -72

60, -9

60, -11

53, -76

73, -27

73, -29

73, -28

92, -83

92, -82

73, -50

73, -50

11, -13

11, -13

84, -75

67, -60

67, -60

67, -60

67, -60

67, -62

67, -60

67, -60

12, 7

12, 7

12, 7

12, 7

12, 7

93, -76

93, -76

67, -62

67, -60

67, -62

73, -85

67, -61

69, -79

69, -79

18, 5

18, 5

48, 2

90, -56

90, -58

90, -57

16, -4

38, -88

38, -87

92, -73

92, -72

59, -83

60, -9

60, -7

86, -70

98, -71

98, -71

52, -8

52, -10

74, -45

74, -46

63, -80

63, -80

122, -65

110, -64

110, -62

110, -64

110, -63

94, -88

94, -88

18, 25

18, 25

18, 25

94, -87

53, -9

53, -9

-1, -3

-1, -3

-1, -3

107, -64

10, -22

101, -66

88, -57

88, -55

88, -56

75, -86

57, -6

57, -6

57, -8

42, -81

12, 30

12, 30

12, 30

90, -77

90, -77

3, 1

106, -65

106, -67

11, -11

11, -11

11, -11

23, 13

84, -53

84, -53

84, -55

84, -53

53, -9

53, -7

80, -36

-4, -4

-4, -4

-4, -4

-4, -4

50, 3

65, -15

68, -72

68, -74

68, -73

64, -82

79, -44

79, -45

9, 7

65, -13

65, -11

81, -55

97, -80

54, -20

54, -18

66, -80

66, -80

66, -78

19, 10

19, 10

19, 10

19, 10

71, -34

10, -4

10, -4

10, -4

91, -81

91, -80

57, -73

57, -75

86, -73

36, -87

116, -60

62, -26

64, -81

2, 7

-3, 7

-3, 7

-3, 7

2, 7

64, -82

51, -78

-6, 2

-6, 2

-6, 2

111, -63

10, 16

75, -52

75, -53

62, -77

65, -20

54, -77

71, -16

59, -2

16, 8

16, 8

71, -17

54, -76

7, 10

7, 10

35, 11

35, 11

85, -68

64, -72

115, -64

69, -14

69, -16

115, -64

18, -6

18, -6

18, -6

18, -6

18, -6

115, -65

78, -28

78, -28

78, -30

78, -29

60, -80

60, -82

54, -6

54, -6

15, -2

15, -2

91, -72

91, -71

67, -27

83, -52

83, -54

83, -54

83, -54

113, -63

20, 4

53, -17

53, -19

53, -19

53, -18

7, -23

7, -23

62, -11

62, -9

62, -11

61, -10

61, -8

61, -10

11, 17

46, 1

22, 28

22, 28

22, 28

22, 28

22, 28

22, 28

54, -11

54, -10

46, -77

50, -4

78, -40

88, -56

88, -57

66, -10

66, -11

63, -75

70, -85

53, -82

53, -82

53, -80

-4, 8

-4, 8

53, -82

53, -81

-6, -1

-6, -1

-6, -1

-6, -1

-6, -1

62, -9

62, -7

62, -9

61, -67

61, -67

20, 24

61, -65

61, -66

54, -7

67, -81

67, -79

67, -79

95, -79

10, 8

10, 8

10, 8

10, 8

95, -81

95, -79

59, -65

59, -64

56, -14

56, -14

56, -14

14, -5

14, -5

88, -79

88, -79

88, -79

85, -73

87, -87

17, 5

17, 5

20, -7

89, -55

76, -27

89, -56

114, -64

114, -66

114, -64

114, -66

57, -13

57, -15

57, -14

114, -66

114, -64

114, -64

114, -64

-2, 1

-2, 1

52, -74

52, -74

52, -74

52, -73

93, -67

93, -67

93, -67

93, -65

84, -84

84, -82

84, -82

63, -61

63, -61

63, -62

14, -10

94, -70

24, 23

24, 23

67, -70

17, 25

17, 25

9, -3

9, -3

95, -72

3, -9

3, -9

3, -9

3, -9

-8, -6

-8, -6

-8, -6

99, -75

82, -32

56, -12

17, 29

17, 29

17, 29

50, -74

50, -74

3, 3

84, -83

84, -81

84, -81

84, -81

104, -68

14, -8

14, -8

61, -3

45, -81

63, -26

96, -75

96, -73

96, -73

96, -74

47, -77

64, -7

-3, -3

-3, -3

37, -86

94, -59

54, -17

54, -19

54, -18

-1, -19

43, -79

43, -81

87, -53

part_1(input) = nothing
[ Info: nothing

[Done


